========================================================================
R-12c — varredura de forma-beta sobre o PLATO sub-horizonte
========================================================================
[V1] GR selfcheck: PASSA
[fatias] prontas

       b0     b2    b4    mu          r   cs2(kh=30)     cs2(1e4)   PLATO(3e4)     conv   |cal-1|
      0.5     -2   0.1   0.3   2.56e-06     -1.01032     -0.68664     -0.68605  8.6e-04   3.3e-09
      0.5     -2   0.1     1   1.67e-06     -1.01033     -0.68665     -0.68671  8.9e-05   3.3e-09
      0.5     -2   0.1     3   8.33e-07     -1.01034     -0.68665     -0.68671  8.9e-05   3.3e-09
      0.5     -2   0.5   0.3   2.56e-06     -1.01032     -0.68664     -0.68671  8.9e-05   3.3e-09
      0.5     -2   0.5     1   1.67e-06     -1.01033     -0.68672     -0.68671  2.3e-05   3.3e-09
      0.5     -2   0.5     3   8.33e-07     -1.01034     -0.68665     -0.68671  8.9e-05   3.3e-09
      0.5     -2     2   0.3   2.56e-06     -1.01032     -0.68670     -0.68671  1.0e-05   3.3e-09
      0.5     -2     2     1   1.67e-06     -1.01033     -0.68665     -0.68671  8.9e-05   3.3e-09
      0.5     -2     2     3   8.33e-07     -1.01034     -0.68665     -0.68671  8.9e-05   3.3e-09
      0.5     -1   0.1   0.3   2.56e-06     -1.01033     -0.68665     -0.68671  8.9e-05   3.3e-09
      0.5     -1   0.1     1   1.67e-06     -1.01034     -0.68673     -0.68625  7.0e-04   3.3e-09
      0.5     -1   0.1     3   8.33e-07     -1.01034     -0.68670     -0.68733  9.1e-04   3.3e-09
      0.5     -1   0.5   0.3   2.56e-06     -1.01033     -0.68665     -0.68671  8.9e-05   3.3e-09
      0.5     -1   0.5     1   1.67e-06     -1.01034     -0.68673     -0.68625  7.0e-04   3.3e-09
      0.5     -1   0.5     3   8.33e-07     -1.01034     -0.68665     -0.68609  8.1e-04   3.3e-09
      0.5     -1     2   0.3   2.56e-06     -1.01033     -0.68665     -0.68671  8.9e-05   3.3e-09
      0.5     -1     2     1   1.67e-06     -1.01034     -0.68665     -0.68671  8.9e-05   3.3e-09
      0.5     -1     2     3   8.33e-07     -1.01034     -0.68670     -0.68733  9.1e-04   3.3e-09
      0.5   -0.4   0.1   0.3   2.56e-06     -1.01034     -0.68665     -0.68671  8.9e-05   3.3e-09
      0.5   -0.4   0.1     1   1.67e-06     -1.01034     -0.68665     -0.68671  8.9e-05   3.3e-09
      0.5   -0.4   0.1     3   8.33e-07     -1.01034     -0.68670     -0.68671  1.4e-05   3.3e-09
      0.5   -0.4   0.5   0.3   2.56e-06     -1.01034     -0.68665     -0.68671  8.9e-05   3.3e-09
      0.5   -0.4   0.5     1   1.67e-06     -1.01034     -0.68665     -0.68717  7.6e-04   3.3e-09
      0.5   -0.4   0.5     3   8.33e-07     -1.01034     -0.68665     -0.68609  8.1e-04   3.3e-09
      0.5   -0.4     2   0.3   2.56e-06     -1.01034     -0.68665     -0.68671  8.9e-05   3.3e-09
      0.5   -0.4     2     1   1.67e-06     -1.01034     -0.68665     -0.68717  7.6e-04   3.3e-09
      0.5   -0.4     2     3   8.33e-07     -1.01034     -0.68665     -0.68733  9.9e-04   3.3e-09
      0.5   -0.1   0.1   0.3   2.56e-06     -1.01034     -0.68665     -0.68671  8.9e-05   3.3e-09
      0.5   -0.1   0.1     1   1.67e-06     -1.01034     -0.68665     -0.68671  8.9e-05   3.3e-09
      0.5   -0.1   0.1     3   8.33e-07     -1.01034     -0.68660     -0.68671  1.6e-04   3.3e-09
      0.5   -0.1   0.5   0.3   2.56e-06     -1.01034     -0.68665     -0.68671  8.9e-05   3.3e-09
      0.5   -0.1   0.5     1   1.67e-06     -1.01034     -0.68665     -0.68671  8.9e-05   3.3e-09
      0.5   -0.1   0.5     3   8.33e-07     -1.01034     -0.68670     -0.68609  8.8e-04   3.3e-09
      0.5   -0.1     2   0.3   2.56e-06     -1.01034     -0.68665     -0.68606  8.6e-04   3.3e-09
      0.5   -0.1     2     1   1.67e-06     -1.01034     -0.68665     -0.68717  7.6e-04   3.3e-09
      0.5   -0.1     2     3   8.33e-07     -1.01034     -0.68665     -0.68609  8.1e-04   3.3e-09
        1     -2   0.1   0.3   2.56e-06     -1.01032     -0.68659     -0.68671  1.7e-04   3.3e-09
        1     -2   0.1     1   1.67e-06     -1.01033     -0.68665     -0.68671  8.9e-05   3.3e-09
        1     -2   0.1     3   8.33e-07     -1.01033     -0.68665     -0.68671  8.9e-05   3.3e-09
        1     -2   0.5   0.3   2.56e-06     -1.01032     -0.68664     -0.68605  8.6e-04   3.3e-09
        1     -2   0.5     1   1.67e-06     -1.01033     -0.68665     -0.68671  8.9e-05   3.3e-09
        1     -2   0.5     3   8.33e-07     -1.01033     -0.68665     -0.68671  8.9e-05   3.3e-09
        1     -2     2   0.3   2.56e-06     -1.01032     -0.68664     -0.68605  8.6e-04   3.3e-09
        1     -2     2     1   1.67e-06     -1.01033     -0.68665     -0.68671  8.9e-05   3.3e-09
        1     -2     2     3   8.33e-07     -1.01033     -0.68665     -0.68609  8.1e-04   3.3e-09
        1     -1   0.1   0.3   2.56e-06     -1.01033     -0.68659     -0.68671  1.7e-04   3.3e-09
        1     -1   0.1     1   1.67e-06     -1.01033     -0.68665     -0.68671  8.9e-05   3.3e-09
        1     -1   0.1     3   8.33e-07     -1.01034     -0.68665     -0.68671  8.9e-05   3.3e-09
        1     -1   0.5   0.3   2.56e-06     -1.01033     -0.68670     -0.68671  1.0e-05   3.3e-09
        1     -1   0.5     1   1.67e-06     -1.01033     -0.68665     -0.68671  8.9e-05   3.3e-09
        1     -1   0.5     3   8.33e-07     -1.01034     -0.68665     -0.68671  8.9e-05   3.3e-09
        1     -1     2   0.3   2.56e-06     -1.01033     -0.68665     -0.68736  1.0e-03   3.3e-09
        1     -1     2     1   1.67e-06     -1.01033     -0.68665     -0.68671  8.9e-05   3.3e-09
        1     -1     2     3   8.33e-07     -1.01034     -0.68660     -0.68671  1.6e-04   3.3e-09
        1   -0.4   0.1   0.3   2.56e-06     -1.01034     -0.68665     -0.68606  8.6e-04   3.3e-09
        1   -0.4   0.1     1   1.67e-06     -1.01034     -0.68673     -0.68671  2.3e-05   3.3e-09
        1   -0.4   0.1     3   8.33e-07     -1.01034     -0.68665     -0.68733  9.9e-04   3.3e-09
        1   -0.4   0.5   0.3   2.56e-06     -1.01034     -0.68665     -0.68606  8.6e-04   3.3e-09
        1   -0.4   0.5     1   1.67e-06     -1.01034     -0.68673     -0.68671  2.3e-05   3.3e-09
        1   -0.4   0.5     3   8.33e-07     -1.01034     -0.68665     -0.68671  8.9e-05   3.3e-09
        1   -0.4     2   0.3   2.56e-06     -1.01034     -0.68665     -0.68606  8.6e-04   3.3e-09
        1   -0.4     2     1   1.67e-06     -1.01034     -0.68673     -0.68671  2.3e-05   3.3e-09
        1   -0.4     2     3   8.33e-07     -1.01034     -0.68660     -0.68671  1.6e-04   3.3e-09
        1   -0.1   0.1   0.3   2.56e-06     -1.01034     -0.68665     -0.68671  8.9e-05   3.3e-09
        1   -0.1   0.1     1   1.67e-06     -1.01034     -0.68657     -0.68625  4.7e-04   3.3e-09
        1   -0.1   0.1     3   8.33e-07     -1.01034     -0.68665     -0.68733  9.9e-04   3.3e-09
        1   -0.1   0.5   0.3   2.56e-06     -1.01034     -0.68660     -0.68671  1.7e-04   3.3e-09
        1   -0.1   0.5     1   1.67e-06     -1.01034     -0.68657     -0.68625  4.7e-04   3.3e-09
        1   -0.1   0.5     3   8.33e-07     -1.01034     -0.68665     -0.68733  9.9e-04   3.3e-09
        1   -0.1     2   0.3   2.56e-06     -1.01034     -0.68665     -0.68671  8.9e-05   3.3e-09
        1   -0.1     2     1   1.67e-06     -1.01034     -0.68657     -0.68625  4.7e-04   3.3e-09
        1   -0.1     2     3   8.33e-07     -1.01034     -0.68665     -0.68733  9.9e-04   3.3e-09
        2     -2   0.1   0.3   2.56e-06     -1.01032     -0.68659     -0.68671  1.7e-04   3.3e-09
        2     -2   0.1     1   1.67e-06     -1.01032     -0.68665     -0.68717  7.6e-04   3.3e-09
        2     -2   0.1     3   8.33e-07     -1.01033     -0.68670     -0.68610  8.8e-04   3.3e-09
        2     -2   0.5   0.3   2.56e-06     -1.01032     -0.68664     -0.68671  8.9e-05   3.3e-09
        2     -2   0.5     1   1.67e-06     -1.01032     -0.68665     -0.68717  7.6e-04   3.3e-09
        2     -2   0.5     3   8.33e-07     -1.01033     -0.68665     -0.68610  8.1e-04   3.3e-09
        2     -2     2   0.3   2.56e-06     -1.01032     -0.68659     -0.68671  1.7e-04   3.3e-09
        2     -2     2     1   1.67e-06     -1.01032     -0.68665     -0.68671  8.9e-05   3.3e-09
        2     -2     2     3   8.33e-07     -1.01033     -0.68665     -0.68610  8.1e-04   3.3e-09
        2     -1   0.1   0.3   2.56e-06     -1.01033     -0.68665     -0.68671  8.9e-05   3.3e-09
        2     -1   0.1     1   1.67e-06     -1.01033     -0.68673     -0.68625  7.0e-04   3.3e-09
        2     -1   0.1     3   8.33e-07     -1.01033     -0.68665     -0.68671  8.9e-05   3.3e-09
        2     -1   0.5   0.3   2.56e-06     -1.01033     -0.68665     -0.68671  8.9e-05   3.3e-09
        2     -1   0.5     1   1.67e-06     -1.01033     -0.68673     -0.68717  6.5e-04   3.3e-09
        2     -1   0.5     3   8.33e-07     -1.01033     -0.68665     -0.68671  8.9e-05   3.3e-09
        2     -1     2   0.3   2.56e-06     -1.01033     -0.68665     -0.68671  8.9e-05   3.3e-09
        2     -1     2     1   1.67e-06     -1.01033     -0.68673     -0.68717  6.5e-04   3.3e-09
        2     -1     2     3   8.33e-07     -1.01033     -0.68665     -0.68671  8.9e-05   3.3e-09
        2   -0.4   0.1   0.3   2.56e-06     -1.01034     -0.68665     -0.68671  8.9e-05   3.3e-09
        2   -0.4   0.1     1   1.67e-06     -1.01033     -0.68665     -0.68671  8.9e-05   3.3e-09
        2   -0.4   0.1     3   8.33e-07     -1.01033     -0.68665     -0.68671  8.9e-05   3.3e-09
        2   -0.4   0.5   0.3   2.56e-06     -1.01034     -0.68665     -0.68671  8.9e-05   3.3e-09
        2   -0.4   0.5     1   1.67e-06     -1.01033     -0.68665     -0.68625  5.8e-04   3.3e-09
        2   -0.4   0.5     3   8.33e-07     -1.01033     -0.68665     -0.68671  8.9e-05   3.3e-09
        2   -0.4     2   0.3   2.56e-06     -1.01034     -0.68670     -0.68671  1.0e-05   3.3e-09
        2   -0.4     2     1   1.67e-06     -1.01033     -0.68665     -0.68671  8.9e-05   3.3e-09
        2   -0.4     2     3   8.33e-07     -1.01033     -0.68665     -0.68671  8.9e-05   3.3e-09
        2   -0.1   0.1   0.3   2.56e-06     -1.01034     -0.68670     -0.68671  1.0e-05   3.3e-09
        2   -0.1   0.1     1   1.67e-06     -1.01034     -0.68657     -0.68671  2.0e-04   3.3e-09
        2   -0.1   0.1     3   8.33e-07     -1.01033     -0.68665     -0.68671  8.9e-05   3.3e-09
        2   -0.1   0.5   0.3   2.56e-06     -1.01034     -0.68665     -0.68671  8.9e-05   3.3e-09
        2   -0.1   0.5     1   1.67e-06     -1.01034     -0.68657     -0.68671  2.0e-04   3.3e-09
        2   -0.1   0.5     3   8.33e-07     -1.01033     -0.68665     -0.68671  8.9e-05   3.3e-09
        2   -0.1     2   0.3   2.56e-06     -1.01034     -0.68670     -0.68671  1.0e-05   3.3e-09
        2   -0.1     2     1   1.67e-06     -1.01034     -0.68657     -0.68671  2.0e-04   3.3e-09
        2   -0.1     2     3   8.33e-07     -1.01033     -0.68660     -0.68671  1.6e-04   3.3e-09

========================================================================
VEREDITO R-12c (criterios pre-declarados)
========================================================================
  celulas: 108 na grade | 108 interpretaveis | 0 fundo invalido | 0 fora da calibracao
  convergidas ao plato: 108/108

  [P-CS] plato: min -0.687360 | max -0.686054 | mediana -0.686710 | desvio-padrao 3.323e-04
         dispersao relativa = 4.839e-04
  [P-30] kh=30 (a grandeza do R-11): min -1.010343 | max -1.010320 | dp 6.266e-06

  (a) SINAL: 0 celula(s) com plato > 0 de 108
      -> NENHUMA saida: o no-go de classe por gradiente
         SOBREVIVE a correcao de definicao.
  (b) CONSTANCIA: dispersao 4.8e-04 < 1e-3 -> o plato e
      CONSTANTE ESTRUTURAL da classe.
  (c) VALOR: mediana do plato = -0.686710; a mediana
      em kh=30 = -1.010336. O '-1.010' do R-11 e o
      segundo numero, nao c_s^2.
